1001 100
Time, x, y, vx, vy, r
     0.10000000     0.80260791     0.94247780     -3.5582054      7.5644014      1.0000000
     0.20000000     0.28835892      1.5128803     -5.7116876      2.7177188      1.0000000
     0.30000000    -0.33972961      1.4860216     -5.6102859     -3.2018761      1.0000000
     0.40000000    -0.83369827     0.87250504     -3.2940321     -7.8574210      1.0000000
     0.50000000    -0.99853604   -0.085462652     0.32265340     -9.4109805      1.0000000
     0.60000000    -0.76916758     -1.0096910      3.8119605     -7.2492337      1.0000000
     0.70000000    -0.23614394     -1.5353094      5.7963659     -2.2256042      1.0000000
     0.80000000     0.39010560     -1.4548119      5.4924578      3.6766586      1.0000000
     0.90000000     0.86234762    -0.79997767      3.0202142      8.1274348      1.0000000
      1.0000000     0.99414844     0.17067508    -0.64436210      9.3696283      1.0000000
      1.1000000     0.73347520      1.0739480     -4.0545545      6.9128409      1.0000000
      1.2000000     0.18323755      1.5532432     -5.8640729      1.7269732      1.0000000
      1.3000000    -0.43933938      1.4193426     -5.3585481     -4.1406761      1.0000000
      1.4000000    -0.88847208     0.72510802     -2.7375534     -8.3736521      1.0000000
      1.5000000    -0.98685006    -0.25538778     0.96418416     -9.3008427      1.0000000
      1.6000000    -0.69563525     -1.1350605      4.2852770     -6.5562077      1.0000000
      1.7000000    -0.12979465     -1.5666293      5.9146103     -1.2232858      1.0000000
      1.8000000     0.48728682     -1.3797177      5.2089491      4.5925701      1.0000000
      1.9000000     0.91199517    -0.64811531      2.4468771      8.5953519      1.0000000
      2.0000000     0.97666225     0.33935272     -1.2811832      9.2048249      1.0000000
      2.1000000     0.65575853      1.1928497     -4.5034526      6.1803786      1.0000000
      2.2000000    0.075971724      1.5754284     -5.9478303     0.71601663      1.0000000
      2.3000000    -0.53380752      1.3360530     -5.0440986     -5.0310174      1.0000000
      2.4000000    -0.93284800     0.56922497     -2.1490367     -8.7918853      1.0000000
      2.5000000    -0.96361485    -0.42232407      1.5944310     -9.0818560      1.0000000
      2.6000000    -0.61396181     -1.2471462      4.7084425     -5.7864537      1.0000000
      2.7000000   -0.021926359     -1.5796148      5.9636354    -0.20665106      1.0000000
      2.8000000     0.57876527     -1.2884765      4.8644795      5.4547342      1.0000000
      2.9000000     0.95096953    -0.48866798      1.8449040      8.9626767      1.0000000
      3.0000000     0.94774607     0.50405888     -1.9030104      8.9322963      1.0000000
      3.1000000     0.57036745      1.2977913     -4.8996464      5.3755866      1.0000000
      3.2000000   -0.032183205      1.5791762     -5.9619795    -0.30331956      1.0000000
      3.3000000    -0.62202844      1.2371274     -4.6706175     -5.8624800      1.0000000
      3.4000000    -0.96630670     0.40668021     -1.5353696     -9.1072261      1.0000000
      3.5000000    -0.92910236    -0.58431785      2.2060179     -8.7565834      1.0000000
      3.6000000    -0.52510311     -1.3446365      5.0765045     -4.9489802      1.0000000
      3.7000000    0.086198539     -1.5741139      5.9428674     0.81240209      1.0000000
      3.8000000     0.66347037     -1.1821561      4.4630803      6.2530609      1.0000000
      3.9000000     0.97881459    -0.32350171      1.2213397      9.2251102      1.0000000
      4.0000000     0.90773831     0.66286598     -2.5025665      8.5552320      1.0000000
      4.1000000     0.47830130      1.3875447     -5.2384990      4.5078835      1.0000000
      4.2000000    -0.13996149      1.5644427     -5.9063550     -1.3191060      1.0000000
      4.3000000    -0.70296970      1.1237235     -4.2424755     -6.6253333      1.0000000
      4.4000000    -0.98845659     0.23937603    -0.90373384     -9.3159839      1.0000000
      4.5000000    -0.88371647    -0.73947330      2.7917877     -8.3288315      1.0000000
      4.6000000    -0.43009906     -1.4263903      5.3851556     -4.0535882      1.0000000
      4.7000000     0.19331465     -1.5501909      5.8525493      1.8219476      1.0000000
      4.8000000     0.74041079     -1.0620007      4.0094491      6.9782073      1.0000000
      4.9000000     0.99520447    -0.15454947     0.58348193      9.3795812      1.0000000
      5.0000000     0.85710718     0.81391549     -3.0728347      8.0780448      1.0000000
      5.1000000     0.38063753      1.4610595     -5.5160448      3.5874242      1.0000000
      5.2000000    -0.24610179      1.5314003     -5.7816077     -2.3194547      1.0000000
      5.3000000    -0.77568402     0.99716855     -3.7646834     -7.3106496      1.0000000
      5.4000000    -0.99903847    0.069270403    -0.26152162     -9.4157157      1.0000000
      5.5000000    -0.82798834    -0.88597460      3.3448848     -7.8036063      1.0000000
      5.6000000    -0.33006152     -1.4914509      5.6307836     -3.1107565      1.0000000
      5.7000000     0.29816837     -1.5081259      5.6937381      2.8101707      1.0000000
      5.8000000     0.80868610    -0.92941672      3.5088950      7.6216870      1.0000000
      5.9000000     0.99994736    0.016211483   -0.061204399      9.4242818      1.0000000
      6.0000000     0.79644522     0.95543965     -3.6071412      7.5063194      1.0000000
      6.1000000     0.27851911      1.5174754     -5.7290358      2.6249808      1.0000000
      6.2000000    -0.34936193      1.4804358     -5.5891977     -3.2926586      1.0000000
      6.3000000    -0.83932042     0.85894363     -3.2428327     -7.9104086      1.0000000
      6.4000000    -0.99792848    -0.10164590     0.38375122     -9.4052544      1.0000000
      6.5000000    -0.76257017     -1.0221072      3.8588363     -7.1870546      1.0000000
      6.6000000    -0.22616123     -1.5390568      5.8105138     -2.1315194      1.0000000
      6.7000000     0.39953259     -1.4484111      5.4682925      3.7655060      1.0000000
      6.8000000     0.86749727    -0.78595562      2.9672758      8.1759691      1.0000000
      6.9000000     0.99298775     0.18678271    -0.70517444      9.3586890      1.0000000
      7.0000000     0.72646238      1.0857822     -4.0992330      6.8467466      1.0000000
      7.1000000     0.17314116      1.5561320     -5.8749792      1.6318170      1.0000000
      7.2000000    -0.44853345      1.4121456     -5.3313766     -4.2273282      1.0000000
      7.3000000    -0.89313415     0.71066640     -2.6830309     -8.4175911      1.0000000
      7.4000000    -0.98513962    -0.27137264      1.0245330     -9.2847222      1.0000000
      7.5000000    -0.68822756     -1.1462780      4.3276274     -6.4863919      1.0000000
      7.6000000    -0.11961414     -1.5686510      5.9222430     -1.1273368      1.0000000
      7.7000000     0.49622104     -1.3717454      5.1788508      4.6767731      1.0000000
      7.8000000     0.91615601    -0.63329640      2.3909302      8.6345670      1.0000000
      7.9000000     0.97440709     0.35516800     -1.3408917      9.1835704      1.0000000
      8.0000000     0.64797766      1.2034177     -4.5433509      6.1070456      1.0000000
      8.1000000    0.065736911      1.5765771     -5.9521670     0.61955579      1.0000000
      8.2000000    -0.54245573      1.3273288     -5.0111617     -5.1125248      1.0000000
      8.3000000    -0.93649544     0.55407215     -2.0918291     -8.8262616      1.0000000
      8.4000000    -0.96082156    -0.43792346      1.6533245     -9.0555299      1.0000000
      8.5000000    -0.60583054     -1.2570338      4.7457718     -5.7098183      1.0000000
      8.6000000   -0.011667204     -1.5798871      5.9646635    -0.10996081      1.0000000
      8.7000000     0.58710216     -1.2790260      4.8288004      5.5333075      1.0000000
      8.8000000     0.95409288    -0.47322563      1.7866033      8.9921135      1.0000000
      8.9000000     0.94442283     0.51939672     -1.9609164      8.9009754      1.0000000
      9.0000000     0.56190959      1.3069695     -4.9342975      5.2958731      1.0000000
      9.1000000   -0.042436663      1.5785713     -5.9596959    -0.39995613      1.0000000
      9.2000000    -0.63002959      1.2269782     -4.6323007     -5.9378890      1.0000000
      9.3000000    -0.96889681     0.39099354     -1.4761465     -9.1316373      1.0000000
      9.4000000    -0.92525890    -0.59934922      2.2627670     -8.7203596      1.0000000
      9.5000000    -0.51634341     -1.3530784      5.1083759     -4.8664220      1.0000000
      9.6000000    0.096416279     -1.5726336      5.9372788     0.90870202      1.0000000
      9.7000000     0.67111235     -1.1713380      4.4222380      6.3250849      1.0000000
      9.8000000     0.98086388    -0.30761665      1.1613676      9.2444243      1.0000000
      9.9000000     0.90338588     0.67754688     -2.5579923      8.5142113      1.0000000
      10.000000     0.46926542      1.3952256     -5.2674974      4.4227224      1.0000000
      10.100000    -0.15011360      1.5620914     -5.8974778     -1.4147873      1.0000000
      10.200000    -0.71023014      1.1122682     -4.1992274     -6.6937614      1.0000000
      10.300000    -0.98995907     0.22333908    -0.84318838     -9.3301444      1.0000000
      10.400000    -0.87886782    -0.75376073      2.8457280     -8.2831340      1.0000000
      10.500000    -0.42081346     -1.4332877      5.4111960     -3.9660734      1.0000000
      10.600000     0.20337139     -1.5469754      5.8404095      1.9167302      1.0000000
      10.700000     0.74726844     -1.0499417      3.9639217      7.0428391      1.0000000
      10.800000     0.99615573    -0.13840759     0.52254032      9.3885465      1.0000000
      10.900000     0.85177650     0.82776762     -3.1251317      8.0278044      1.0000000
      11.000000     0.37112939      1.4671533     -5.5390512      3.4978121      1.0000000
      11.100000    -0.25603373      1.5273300     -5.7662409     -2.4130611      1.0000000
      11.200000    -0.78211879     0.98454107     -3.7170099     -7.3712959      1.0000000
      11.300000    -0.99943572    0.053070861    -0.20036230     -9.4194598      1.0000000
      11.400000    -0.82219125    -0.89935088      3.3953852     -7.7489700      1.0000000
      11.500000    -0.32035868     -1.4967231      5.6506884     -3.0193094      1.0000000
      11.600000     0.30794643     -1.5032128      5.6751892      2.9023267      1.0000000
      11.700000     0.81467915    -0.91625779      3.4592151      7.6781701      1.0000000
      11.800000     0.99978945    0.032421260    -0.12240236      9.4227935      1.0000000
      11.900000     0.79019868     0.96830091     -3.6556973      7.4474471      1.0000000
      12.000000     0.26864999      1.5219107     -5.7457808      2.5319665      1.0000000
      12.100000    -0.35895748      1.4746942     -5.5675210     -3.3830945      1.0000000
      12.200000    -0.84485421     0.84529179     -3.1912919     -7.9625633      1.0000000
      12.300000    -0.99721586    -0.11781845     0.44480863     -9.3985381      1.0000000
      12.400000    -0.75589248     -1.0344158      3.9053058     -7.1241188      1.0000000
      12.500000    -0.21615471     -1.5426422      5.8240500     -2.0372101      1.0000000
      12.600000     0.40891753     -1.4418579      5.4435515      3.8539569      1.0000000
      12.700000     0.87255559    -0.77185083      2.9140249      8.2236427      1.0000000
      12.800000     0.99172251     0.20287068    -0.76591254      9.3467645      1.0000000
      12.900000     0.71937308      1.0975021     -4.1434799      6.7799316      1.0000000
      13.000000     0.16302654      1.5588570     -5.8852669      1.5364889      1.0000000
      13.100000    -0.45768030      1.4047999     -5.3036437     -4.3135352      1.0000000
      13.200000    -0.89770220     0.69614996     -2.6282259     -8.4606439      1.0000000
      13.300000    -0.98332548    -0.28732893      1.0847739     -9.2676243      1.0000000
      13.400000    -0.68074741     -1.1573749      4.3695221     -6.4158932      1.0000000
      13.500000    -0.10942105     -1.5705076      5.9292522     -1.0312691      1.0000000
      13.600000     0.50510302     -1.3636287      5.1482073      4.7604838      1.0000000
      13.700000     0.92022041    -0.61841081      2.3347316      8.6728730      1.0000000
      13.800000     0.97204934     0.37094589     -1.4004592      9.1613492      1.0000000
      13.900000     0.64012857      1.2138590     -4.5827708      6.0330697      1.0000000
      14.000000    0.055495177      1.5775598     -5.9558770     0.52302972      1.0000000
      14.100000    -0.55104684      1.3184650     -4.9776973     -5.1934941      1.0000000
      14.200000    -0.94004428     0.53886101     -2.0344014     -8.8597086      1.0000000
      14.300000    -0.95792711    -0.45347675      1.7120440     -9.0282504      1.0000000
      14.400000    -0.59763548     -1.2667891      4.7826015     -5.6325817      1.0000000
      14.500000  -0.0014068213     -1.5799931      5.9650636   -0.013258979      1.0000000
      14.600000     0.59537723     -1.2694409      4.7926130      5.6112982      1.0000000
      14.700000     0.95711578    -0.45773346      1.7281146      9.0206037      1.0000000
      14.800000     0.94100016     0.53467987     -2.0186161      8.8687175      1.0000000
      14.900000     0.55339257      1.3160100     -4.9684290      5.2156021      1.0000000
      15.000000   -0.052685653      1.5778003     -5.9567849    -0.49655058      1.0000000
      15.100000    -0.63796441      1.2166999     -4.5934963     -6.0126729      1.0000000
      15.200000    -0.97138491     0.37526570     -1.4167681     -9.1550871      1.0000000
      15.300000    -0.92131802    -0.61431749      2.3192778     -8.6832178      1.0000000
      15.400000    -0.50752936     -1.3613779      5.1397095     -4.7833515      1.0000000
      15.500000     0.10662387     -1.5709878      5.9310652      1.0049063      1.0000000
      15.600000     0.67868368     -1.1603966      4.3809302      6.3964430      1.0000000
      15.700000     0.98280991    -0.29169920      1.1012733      9.2627652      1.0000000
      15.800000     0.89893834     0.69215644     -2.6131488      8.4722943      1.0000000
      15.900000     0.46018014      1.4027597     -5.2959412      4.3370957      1.0000000
      16.000000    -0.16024990      1.5595756     -5.8879798     -1.5103197      1.0000000
      16.100000    -0.71741581      1.1006957     -4.1555371     -6.7614847      1.0000000
      16.200000    -0.99135732     0.20727862    -0.78255414     -9.3433226      1.0000000
      16.300000    -0.87392664    -0.76796880      2.8993688     -8.2365645      1.0000000
      16.400000    -0.41148355     -1.4400343      5.4366668     -3.8781411      1.0000000
      16.500000     0.21340673     -1.5435970      5.8276548      2.0113110      1.0000000
      16.600000     0.75404741     -1.0377721      3.9179769      7.1067294      1.0000000
      16.700000     0.99700211    -0.12225115     0.46154370      9.3965235      1.0000000
      16.800000     0.84635615     0.84153261     -3.1770997      7.9767188      1.0000000
      16.900000     0.36158218      1.4730926     -5.5614743      3.4078317      1.0000000
      17.000000    -0.26593872      1.5230990     -5.7502670     -2.5064134      1.0000000
      17.100000    -0.78847121     0.97180994     -3.6689452     -7.4311661      1.0000000
      17.200000    -0.99972775    0.036865732    -0.13918189     -9.4222121      1.0000000
      17.300000    -0.81630759    -0.91263248      3.4455282     -7.6935178      1.0000000
      17.400000    -0.31062211     -1.5018378      5.6699983     -2.9275445      1.0000000
      17.500000     0.31769206     -1.4981414      5.6560428      2.9941771      1.0000000
      17.600000     0.82058644    -0.90300240      3.4091711      7.7338450      1.0000000
      17.700000     0.99952627    0.048627623    -0.18358742      9.4203132      1.0000000
      17.800000     0.78386895     0.98106023     -3.7038685      7.3877908      1.0000000
      17.900000     0.25875257      1.5261858     -5.7619209      2.4386856      1.0000000
      18.000000    -0.36851523      1.4687973     -5.5452581     -3.4731742      1.0000000
      18.100000    -0.85029905     0.83155095     -3.1394152     -8.0138797      1.0000000
      18.200000    -0.99639826    -0.13397860     0.50581921     -9.3908324      1.0000000
      18.300000    -0.74913520     -1.0466155      3.9513642     -7.0604330      1.0000000
      18.400000    -0.20612543     -1.5460652      5.8369731     -1.9426864      1.0000000
      18.500000     0.41825941     -1.4351528      5.4182374      3.9420021      1.0000000
      18.600000     0.87752205    -0.75766478      2.8604673      8.2704505      1.0000000
      18.700000     0.99035287     0.21893730    -0.82657000      9.3338559      1.0000000
      18.800000     0.71220805      1.1091064     -4.1872905      6.7124027      1.0000000
      18.900000     0.15289476      1.5614178     -5.8949350      1.4409992      1.0000000
      19.000000    -0.46677896      1.3973062     -5.2753525     -4.3992881      1.0000000
      19.100000    -0.90217573     0.68156023     -2.5731442     -8.5028060      1.0000000
      19.200000    -0.98140780    -0.30325496      1.1449007     -9.2495506      1.0000000
      19.300000    -0.67319560     -1.1683499      4.4109569     -6.3447191      1.0000000
      19.400000   -0.099216429     -1.5721988      5.9356371    -0.93509281      1.0000000
      19.500000     0.51393182     -1.3553685      5.1170217      4.8436933      1.0000000
      19.600000     0.92418792    -0.60346012      2.2782872      8.7102659      1.0000000
      19.700000     0.96958925     0.38668472     -1.4598791      9.1381634      1.0000000
      19.800000     0.63221209      1.2241726     -4.6217083      5.9584586      1.0000000
      19.900000    0.045247600      1.5783764     -5.9589601     0.42644859      1.0000000
      20.000000    -0.55957993      1.3094623     -4.9437088     -5.2739166      1.0000000
      20.100000    -0.94349415     0.52359313     -1.9767595     -8.8922229      1.0000000
      20.200000    -0.95493182    -0.46898230      1.7705832     -9.0000203      1.0000000
      20.300000    -0.58937751     -1.2764109      4.8189276     -5.5547522      1.0000000
      20.400000   0.0088537097     -1.5799327      5.9648357    0.083444248      1.0000000
      20.500000     0.60358963     -1.2597221      4.7559210      5.6886982      1.0000000
      20.600000     0.96003791    -0.44219310      1.6694440      9.0481441      1.0000000
      20.700000     0.93747842     0.54990674     -2.0761031      8.8355259      1.0000000
      20.800000     0.54481728      1.3249121     -5.0020376      5.1347819      1.0000000
      20.900000   -0.062929097      1.5768631     -5.9532467    -0.59309276      1.0000000
      21.000000    -0.64583206      1.2062935     -4.5542083     -6.0868238      1.0000000
      21.100000    -0.97377075     0.35949836     -1.3572405     -9.1775731      1.0000000
      21.200000    -0.91728015    -0.62922108      2.3755444     -8.6451618      1.0000000
      21.300000    -0.49866187     -1.3695340      5.1705019     -4.6997774      1.0000000
      21.400000     0.11682023     -1.5691766      5.9242271      1.1010048      1.0000000
      21.500000     0.68618355     -1.1493330      4.3391612      6.4671276      1.0000000
      21.600000     0.98465247    -0.27575104      1.0410631      9.2801309      1.0000000
      21.700000     0.89439617     0.70669312     -2.6680303      8.4294853      1.0000000
      21.800000     0.45104641      1.4101460     -5.3238275      4.2510123      1.0000000
      21.900000    -0.17036933      1.5568956     -5.8778618     -1.6056931      1.0000000
      22.000000    -0.72452595      1.0890074     -4.1114093     -6.8284962      1.0000000
      22.100000    -0.99265120     0.19119634    -0.72183752     -9.3555171      1.0000000
      22.200000    -0.86889346    -0.78209602      2.9527043     -8.1891279      1.0000000
      22.300000    -0.40211033     -1.4466292      5.4615653     -3.7898006      1.0000000
      22.400000     0.22341959     -1.5400561      5.8142866      2.1056801      1.0000000
      22.500000     0.76074700     -1.0254932      3.8716196      7.1698715      1.0000000
      22.600000     0.99774352    -0.10608183     0.40049849      9.4035112      1.0000000
      22.700000     0.84084669     0.85520900     -3.2287331      7.9247934      1.0000000
      22.800000     0.35199690      1.4788769     -5.5833120      3.3174926      1.0000000
      22.900000    -0.27581571      1.5187075     -5.7336876     -2.5995018      1.0000000
      23.000000    -0.79474063     0.95897649     -3.6204941     -7.4902540      1.0000000
      23.100000    -0.99991453    0.020656721   -0.077986831     -9.4239725      1.0000000
      23.200000    -0.81033800    -0.92581800      3.4953084     -7.6372557      1.0000000
      23.300000    -0.30085284     -1.5067944      5.6887112     -2.8354713      1.0000000
      23.400000     0.32740425     -1.4929122      5.6363009      3.0857124      1.0000000
      23.500000     0.82640733    -0.88965195      3.3587681      7.7887056      1.0000000
      23.600000     0.99915787    0.064828867    -0.24475317      9.4168411      1.0000000
      23.700000     0.77745670     0.99371627     -3.7516498      7.3273567      1.0000000
      23.800000     0.24882792      1.5303002     -5.7774544      2.3451479      1.0000000
      23.900000    -0.37803418      1.4627458     -5.5224115     -3.5628882      1.0000000
      24.000000    -0.85565437     0.81772257     -3.0872079     -8.0643525      1.0000000
      24.100000    -0.99547575    -0.15012464     0.56677654     -9.3821379      1.0000000
      24.200000    -0.74229906     -1.0587050      3.9970065     -6.9960038      1.0000000
      24.300000    -0.19607445     -1.5493254      5.8492816     -1.8479581      1.0000000
      24.400000     0.42755726     -1.4282966      5.3923528      4.0296322      1.0000000
      24.500000     0.88239612    -0.74339896      2.8066085      8.3163875      1.0000000
      24.600000     0.98887896     0.23498086    -0.88714045      9.3199646      1.0000000
      24.700000     0.70496803      1.1205940     -4.2306604      6.6441672      1.0000000
      24.800000     0.14274688      1.5638143     -5.9039826      1.3453577      1.0000000
      24.900000    -0.47582848      1.3896655     -5.2465058     -4.4845778      1.0000000
      25.000000    -0.90655429     0.66689874     -2.5177916     -8.5440729      1.0000000
      25.100000    -0.97938681    -0.31914908      1.2049069     -9.2305032      1.0000000
      25.200000    -0.66557291     -1.1792019      4.4519272     -6.2728769      1.0000000
      25.300000   -0.089001365     -1.5737245      5.9413971    -0.83881811      1.0000000
      25.400000     0.52270651     -1.3469655      5.0852975      4.9263928      1.0000000
      25.500000     0.92805813    -0.58844590      2.2216029      8.7467418      1.0000000
      25.600000     0.96702709     0.40238285     -1.5191454      9.1140156      1.0000000
      25.700000     0.62422905      1.2343572     -4.6601591      5.8832202      1.0000000
      25.800000    0.034995260      1.5790269     -5.9614158     0.32982256      1.0000000
      25.900000    -0.56805410      1.3003217     -4.9091998     -5.3537838      1.0000000
      26.000000    -0.94684469     0.50827013     -1.9189094     -8.9238010      1.0000000
      26.100000    -0.95183598    -0.48443848      1.8289360     -8.9708428      1.0000000
      26.200000    -0.58105749     -1.2858984      4.8547465     -5.4763378      1.0000000
      26.300000    0.019113309     -1.5797060      5.9639798     0.18013869      1.0000000
      26.400000     0.61173847     -1.2498707      4.7187283      5.7654993      1.0000000
      26.500000     0.96285897    -0.42660618      1.6105975      9.0747320      1.0000000
      26.600000     0.93385798     0.56507570     -2.1333717      8.8014041      1.0000000
      26.700000     0.53618464      1.3336746     -5.0351195      5.0534212      1.0000000
      26.800000   -0.073165915      1.5757599     -5.9490818    -0.68957250      1.0000000
      26.900000    -0.65363172      1.1957601     -4.5144408     -6.1603339      1.0000000
      27.000000    -0.97605407     0.34369316     -1.2975700     -9.1990929      1.0000000
      27.100000    -0.91314571    -0.64405843      2.4315609     -8.6061956      1.0000000
      27.200000    -0.48974188     -1.3775460      5.2007501     -4.6157085      1.0000000
      27.300000     0.12700430     -1.5672001      5.9167653      1.1969873      1.0000000
      27.400000     0.69361119     -1.1381485      4.2969353      6.5371314      1.0000000
      27.500000     0.98639136    -0.25977384     0.98074320      9.2965195      1.0000000
      27.600000     0.88975983     0.72115541     -2.7226308      8.3857888      1.0000000
      27.700000     0.44186520      1.4173839     -5.3511532      4.1644814      1.0000000
      27.800000    -0.18047082      1.5540517     -5.8671251     -1.7008974      1.0000000
      27.900000    -0.73155982      1.0772044     -4.0668487     -6.8947888      1.0000000
      28.000000    -0.99384057     0.17509392    -0.66104490     -9.3667267      1.0000000
      28.100000    -0.86376880    -0.79614090      3.0057290     -8.1408291      1.0000000
      28.200000    -0.39269477     -1.4530719      5.4858887     -3.7010610      1.0000000
      28.300000     0.23340894     -1.5363531      5.8003063      2.1998274      1.0000000
      28.400000     0.76736649     -1.0131064      3.8248548      7.2322588      1.0000000
      28.500000     0.99837990   -0.089901341     0.33941111      9.4095088      1.0000000
      28.600000     0.83524871     0.86879536     -3.2800267      7.8720337      1.0000000
      28.700000     0.34237456      1.4845054     -5.6045619      3.2268042      1.0000000
      28.800000    -0.28566366      1.5141562     -5.7165047     -2.6923165      1.0000000
      28.900000    -0.80092638     0.94604209     -3.5716619     -7.5485533      1.0000000
      29.000000    -0.99999604   0.0044455360   -0.016783557     -9.4247407      1.0000000
      29.100000    -0.80428309    -0.93890604      3.5447207     -7.5801895      1.0000000
      29.200000    -0.29105190     -1.5115924      5.7068253     -2.7430996      1.0000000
      29.300000     0.33708197     -1.4875260      5.6159656      3.1769227      1.0000000
      29.400000     0.83214122    -0.87620783      3.3080115      7.8427462      1.0000000
      29.500000     0.99868428    0.081023286    -0.30589314      9.4123776      1.0000000
      29.600000     0.77096259      1.0062677     -3.7990360      7.2661512      1.0000000
      29.700000     0.23887707      1.5342535     -5.7923796      2.2513633      1.0000000
      29.800000    -0.38751334      1.4565404     -5.4989834     -3.6522272      1.0000000
      29.900000    -0.86091961     0.80380810     -3.0346755     -8.1139762      1.0000000
      30.000000    -0.99444844    -0.16625488     0.62767421     -9.3724558      1.0000000
      30.100000    -0.73538477     -1.0706831      4.0422281     -6.9308382      1.0000000
      30.200000    -0.18600282     -1.5524225      5.8609743     -1.7530353      1.0000000
      30.300000     0.43681009     -1.4212901      5.3659006      4.1168381      1.0000000
      30.400000     0.88717730    -0.72905488      2.7524542      8.3614490      1.0000000
      30.500000     0.98730094     0.25099969    -0.94761749      9.3050922      1.0000000
      30.600000     0.69765380      1.1319636     -4.2735848      6.5752322      1.0000000
      30.700000     0.13258398      1.5660461     -5.9124085      1.2495745      1.0000000
      30.800000    -0.48482790      1.3818785     -5.2171069     -4.5693953      1.0000000
      30.900000    -0.91083740     0.65216705     -2.4621740     -8.5844402      1.0000000
      31.000000    -0.97726270    -0.33500959      1.2647862     -9.2104840      1.0000000
      31.100000    -0.65788015     -1.1899297      4.4924288     -6.2003744      1.0000000
      31.200000   -0.078776932     -1.5750845      5.9465317    -0.74245509      1.0000000
      31.300000     0.53142618     -1.3384208      5.0530379      5.0085737      1.0000000
      31.400000     0.93183064    -0.57336972      2.1646847      8.7822969      1.0000000
      31.500000     0.96436311     0.41803861     -1.5782518      9.0889082      1.0000000
      31.600000     0.61618029      1.2444119     -4.6981194      5.8073624      1.0000000
      31.700000    0.024739236      1.5795111     -5.9632438     0.23316180      1.0000000
      31.800000    -0.57646847      1.2910443     -4.8741739     -5.4330874      1.0000000
      31.900000    -0.95009555     0.49289361     -1.8608573     -8.9544396      1.0000000
      32.000000    -0.94863994    -0.49984365      1.8870963     -8.9407208      1.0000000
      32.100000    -0.57267629     -1.2952505      4.8900542     -5.3973469      1.0000000
      32.200000    0.029370895     -1.5793130      5.9624960     0.27681417      1.0000000
      32.300000     0.61982292     -1.2398877      4.6810388      5.8416934      1.0000000
      32.400000     0.96557866    -0.41097435      1.5515815      9.1003645      1.0000000
      32.500000     0.93013923     0.58018518     -2.1904156      8.7663557      1.0000000
      32.600000     0.52749555      1.3422968     -5.0676713      4.9715284      1.0000000
      32.700000   -0.083395030      1.5744909     -5.9442906    -0.78597964      1.0000000
      32.800000    -0.66136257      1.1851009     -4.4741980     -6.2331954      1.0000000
      32.900000    -0.97823463     0.32785179     -1.2377629     -9.2196442      1.0000000
      33.000000    -0.90891514    -0.65882798      2.4873215     -8.5663234      1.0000000
      33.100000    -0.48077033     -1.3854129      5.2304506     -4.5311536      1.0000000
      33.200000     0.13717499     -1.5650587      5.9086807      1.2928438      1.0000000
      33.300000     0.70096580     -1.1268441      4.2542571      6.6064470      1.0000000
      33.400000     0.98802640    -0.24376930     0.92032008      9.3119295      1.0000000
      33.500000     0.88502982     0.73554178     -2.7769447      8.3412095      1.0000000
      33.600000     0.43263746      1.4244726     -5.3779157      4.0775120      1.0000000
      33.700000    -0.19055331      1.5510442     -5.8557706     -1.7959227      1.0000000
      33.800000    -0.73851666      1.0652881     -4.0218600     -6.9603555      1.0000000
      33.900000    -0.99492531     0.15897308    -0.60018269     -9.3769502      1.0000000
      34.000000    -0.85855320    -0.81010197      3.0584372     -8.0916732      1.0000000
      34.100000    -0.38323786     -1.4593616      5.5096345     -3.6119318      1.0000000
      34.200000     0.24337371     -1.5324883      5.7857153      2.2937432      1.0000000
      34.300000     0.77390520     -1.0006129      3.7776872      7.2938847      1.0000000
      34.400000     0.99891116   -0.073711390     0.27828800      9.4145159      1.0000000
      34.500000     0.82956280     0.88229024     -3.3309749      7.8184452      1.0000000
      34.600000     0.33271617      1.4899776     -5.6252217      3.1357761      1.0000000
      34.700000    -0.29548153      1.5094455     -5.6987199     -2.7848478      1.0000000
      34.800000    -0.80702780     0.93300808     -3.5224537     -7.6060579      1.0000000
      34.900000    -0.99997227   -0.011766117    0.044421483     -9.4245166      1.0000000
      35.000000    -0.79814351    -0.95189524      3.5937598     -7.5223253      1.0000000
      35.100000    -0.28122032     -1.5162312      5.7243386     -2.6504391      1.0000000
      35.200000     0.34672420     -1.4819831      5.5950391      3.2677986      1.0000000
      35.300000     0.83778750    -0.86267146      3.2569067      7.8959611      1.0000000
      35.400000     0.99810554    0.097209174    -0.36700091      9.4069231      1.0000000
      35.500000     0.76438731      1.0187132     -3.8460224      7.2041807      1.0000000
      35.600000     0.22890107      1.5380453     -5.8066950      2.1573418      1.0000000
      35.700000    -0.39695169      1.4501815     -5.4749764     -3.7411816      1.0000000
      35.800000    -0.86609421     0.78980900     -2.9818237     -8.1627456      1.0000000
      35.900000    -0.99331644    -0.18236761     0.68850578     -9.3617869      1.0000000
      36.000000    -0.72839305     -1.0825484      4.0870241     -6.8649428      1.0000000
      36.100000    -0.17591162     -1.5553562      5.8720500     -1.6579279      1.0000000
      36.200000     0.44601694     -1.4141340      5.3388834      4.2036106      1.0000000
      36.300000     0.89186507    -0.71463404      2.6980102      8.4056303      1.0000000
      36.400000     0.98561898     0.26699209     -1.0079948      9.2892401      1.0000000
      36.500000     0.69026612      1.1432140     -4.3160594      6.5056049      1.0000000
      36.600000     0.12240711      1.5681131     -5.9202120      1.1536598      1.0000000
      36.700000    -0.49377629      1.3739459     -5.1871586     -4.6537319      1.0000000
      36.800000    -0.91502462     0.63736669     -2.4062971     -8.6239038      1.0000000
      36.900000    -0.97503571    -0.35083483      1.3245324     -9.1894951      1.0000000
      37.000000    -0.65011813     -1.2005323      4.5324575     -6.1272191      1.0000000
      37.100000   -0.068544205     -1.5762786      5.9510401    -0.64601391      1.0000000
      37.200000     0.54008989     -1.3297351      5.0202462      5.0902273      1.0000000
      37.300000     0.93550504    -0.55823318      2.1075386      8.8169273      1.0000000
      37.400000     0.96159761     0.43365036     -1.6371919      9.0628440      1.0000000
      37.500000     0.60806665      1.2543356     -4.7355850      5.7308932      1.0000000
      37.600000    0.014480606      1.5798290     -5.9644441     0.13647650      1.0000000
      37.700000    -0.58482216      1.2816309     -4.8386350     -5.5118190      1.0000000
      37.800000    -0.95324639     0.47746521     -1.8026093     -8.9841355      1.0000000
      37.900000    -0.94534403    -0.51519620      1.9450579     -8.9096575      1.0000000
      38.000000    -0.56423480     -1.3044663      4.9248471     -5.3177877      1.0000000
      38.100000    0.039625390     -1.5787537      5.9603846     0.37346050      1.0000000
      38.200000     0.62784211     -1.2297742      4.6428565      5.9172725      1.0000000
      38.300000     0.96819669    -0.39529926      1.4924022      9.1250389      1.0000000
      38.400000     0.92632255     0.59523358     -2.2472289      8.7303843      1.0000000
      38.500000     0.51875092      1.3507776     -5.0996896      4.8891122      1.0000000
      38.600000   -0.093615366      1.5730560     -5.9388735    -0.88230404      1.0000000
      38.700000    -0.66902379      1.1743168     -4.4334842     -6.3054006      1.0000000
      38.800000    -0.98031220     0.31197590     -1.1778254     -9.2392248      1.0000000
      38.900000    -0.90458887    -0.67352816      2.5428202     -8.5255493      1.0000000
      39.000000    -0.47174817     -1.3931340      5.2596006     -4.4461218      1.0000000
      39.100000     0.14733124     -1.5627525      5.8999739      1.3885643      1.0000000
      39.200000     0.70824661     -1.1154211      4.2111309      6.6750671      1.0000000
      39.300000     0.98955743    -0.22773910     0.85980007      9.3263590      1.0000000
      39.400000     0.88020663     0.74985070     -2.8309662      8.2957520      1.0000000
      39.500000     0.42336418      1.4314113     -5.4041119      3.9901134      1.0000000
      39.600000    -0.20061575      1.5478734     -5.8437997     -1.8907589      1.0000000
      39.700000    -0.74539575      1.0532595     -3.9764478     -7.0251895      1.0000000
      39.800000    -0.99590531     0.14283549    -0.53925729     -9.3861864      1.0000000
      39.900000    -0.85324721    -0.82397774      3.1108235     -8.0416655      1.0000000
      40.000000    -0.37374061     -1.4654976      5.5328004     -3.5224223      1.0000000
      40.100000     0.25331286     -1.5284622      5.7705152      2.3874175      1.0000000
      40.200000     0.78036243    -0.98801411      3.7301220      7.3547426      1.0000000
      40.300000     0.99933726   -0.057513678     0.21713560      9.4185318      1.0000000
      40.400000     0.82378955     0.89569224     -3.3815725      7.7640336      1.0000000
      40.500000     0.32302276      1.4952930     -5.6452892      3.0444178      1.0000000
      40.600000    -0.30526830      1.5045758     -5.6803351     -2.8770859      1.0000000
      40.700000    -0.81304427     0.91987585     -3.4728746     -7.6627617      1.0000000
      40.800000    -0.99984322   -0.027976532     0.10562185     -9.4233004      1.0000000
      40.900000    -0.79191990    -0.96478422      3.6424205     -7.4636692      1.0000000
      41.000000    -0.27135913     -1.5207104      5.7412492     -2.5574995      1.0000000
      41.100000     0.35632993     -1.4762841      5.5735235      3.3583305      1.0000000
      41.200000     0.84334557    -0.84904427      3.2054590      7.9483448      1.0000000
      41.300000     0.99742173     0.11338483    -0.42807004      9.4004783      1.0000000
      41.400000     0.75773157      1.0310514     -3.8926038      7.1414518      1.0000000
      41.500000     0.21890097      1.5416752     -5.8203991      2.0630931      1.0000000
      41.600000    -0.40634826      1.4436700     -5.4503930     -3.8297421      1.0000000
      41.700000    -0.87117763     0.77572675     -2.9286580     -8.2106557      1.0000000
      41.800000    -0.99207986    -0.19846114     0.74926488     -9.3501324      1.0000000
      41.900000    -0.72132466     -1.0942997      4.1313898     -6.7983247      1.0000000
      42.000000    -0.16580189     -1.5581261      5.8825074     -1.5626460      1.0000000
      42.100000     0.45517683     -1.4068289      5.3113042      4.2899406      1.0000000
      42.200000     0.89645895    -0.70013797      2.6432821      8.4489265      1.0000000
      42.300000     0.98383326     0.28295638     -1.0682659      9.2724100      1.0000000
      42.400000     0.68280576      1.1543440     -4.3580795      6.4352927      1.0000000
      42.500000     0.11221736      1.5700149     -5.9273922      1.0576237      1.0000000
      42.600000    -0.50267268      1.3658688     -5.1566643     -4.7375784      1.0000000
      42.700000    -0.91911550     0.62249924     -2.3501669     -8.6624595      1.0000000
      42.800000    -0.97270607    -0.36662314      1.3841392     -9.1675387      1.0000000
      42.900000    -0.64228767     -1.2110085      4.5720090     -6.0534187      1.0000000
      43.000000   -0.058304261     -1.5773069      5.9549221    -0.54950472      1.0000000
      43.100000     0.54869675     -1.3209094      4.9869261      5.1713450      1.0000000
      43.200000     0.93908096    -0.54303787      2.0501706      8.8506295      1.0000000
      43.300000     0.95873087     0.44921646     -1.6959598      9.0358256      1.0000000
      43.400000     0.59988900      1.2641272     -4.7725521      5.6538207      1.0000000
      43.500000   0.0042204529      1.5799806     -5.9650164    0.039776831      1.0000000
      43.600000    -0.59311427      1.2720826     -4.8025866     -5.5899703      1.0000000
      43.700000    -0.95629686     0.46198654     -1.7441716     -9.0128856      1.0000000
      43.800000    -0.94194858    -0.53049451      2.0028147     -8.8776563      1.0000000
      43.900000    -0.55573391     -1.3135447      4.9591215     -5.2376687      1.0000000
      44.000000    0.049875713     -1.5780283      5.9576456     0.47006752      1.0000000
      44.100000     0.63579520     -1.2195312      4.6041854      5.9922286      1.0000000
      44.200000     0.97071280    -0.37958254      1.4330658      9.1487526      1.0000000
      44.300000     0.92240835     0.61021931     -2.3038056      8.6934939      1.0000000
      44.400000     0.50995168      1.3591162     -5.1311710      4.8061813      1.0000000
      44.500000    -0.10382585      1.5714556     -5.9328312    -0.97853554      1.0000000
      44.600000    -0.67661457      1.1634091     -4.3923036     -6.3769421      1.0000000
      44.700000    -0.98228656     0.29606716     -1.1177640     -9.2578328      1.0000000
      44.800000    -0.90016737    -0.68815743      2.5980511     -8.4838776      1.0000000
      44.900000    -0.46267634     -1.4007084      5.2881968     -4.3606218      1.0000000
      45.000000     0.15747199     -1.5602818      5.8906460      1.4841385      1.0000000
      45.100000     0.71545286     -1.1038807      4.1675614      6.7429844      1.0000000
      45.200000     0.99098427    -0.21168491     0.79918955      9.3398067      1.0000000
      45.300000     0.87529077     0.76408069     -2.8846897      8.2494212      1.0000000
      45.400000     0.41404633      1.4381993     -5.4297392      3.9022947      1.0000000
      45.500000    -0.21065706      1.5445396     -5.8312135     -1.9853960      1.0000000
      45.600000    -0.75219637      1.0411201     -3.9306170     -7.0892838      1.0000000
      45.700000    -0.99678046     0.12668287    -0.47827511     -9.3944345      1.0000000
      45.800000    -0.84785139    -0.83776677      3.1628822     -7.9908111      1.0000000
      45.900000    -0.36420401     -1.4714794      5.5553837     -3.4325420      1.0000000
      46.000000     0.26322534     -1.5242752      5.7547076      2.4808404      1.0000000
      46.100000     0.78673750    -0.97531127      3.6821640      7.4148263      1.0000000
      46.200000     0.99965815   -0.041309911     0.15596033      9.4215561      1.0000000
      46.300000     0.81792957     0.90899994     -3.4318140      7.7088046      1.0000000
      46.400000     0.31329534      1.5004510     -5.6647625      2.9527390      1.0000000
      46.500000    -0.31502293      1.4995478     -5.6613524     -2.9690211      1.0000000
      46.600000    -0.81897513     0.90664678     -3.4229299     -7.7186588      1.0000000
      46.700000    -0.99960891   -0.044184001     0.16681109     -9.4210920      1.0000000
      46.800000    -0.78561291    -0.97757163      3.6906977     -7.4042273      1.0000000
      46.900000    -0.26146937     -1.5250295      5.7575553     -2.4642907      1.0000000
      47.000000     0.36589815     -1.4704298      5.5514212      3.4485088      1.0000000
      47.100000     0.84881486    -0.83532769      3.1536738      7.9998916      1.0000000
      47.200000     0.99663290     0.12954855    -0.48909410      9.3930438      1.0000000
      47.300000     0.75099604      1.0432811     -3.9387754      7.0779710      1.0000000
      47.400000     0.20887783      1.5451427     -5.8334904      1.9686272      1.0000000
      47.500000    -0.41570205      1.4370065     -5.4252358     -3.9178995      1.0000000
      47.600000    -0.87616933     0.76156284     -2.8751839     -8.2577014      1.0000000
      47.700000    -0.99073883    -0.21453378     0.80994509     -9.3374935      1.0000000
      47.800000    -0.71418031     -1.1059359      4.1753206     -6.7309909      1.0000000
      47.900000    -0.15567471     -1.5607320      5.8923456     -1.4671996      1.0000000
      48.000000     0.46428880     -1.3993758      5.2831658      4.3758189      1.0000000
      48.100000     0.90095845    -0.68556819      2.5882757      8.4913333      1.0000000
      48.200000     0.98194395     0.29889088     -1.1284246      9.2546037      1.0000000
      48.300000     0.67527352      1.1653526     -4.3996408      6.3643030      1.0000000
      48.400000     0.10201579      1.5717515     -5.9339484     0.96147620      1.0000000
      48.500000    -0.51151616      1.3576478     -5.1256271     -4.8209262      1.0000000
      48.600000    -0.92310962     0.60756624     -2.2937893     -8.7001032      1.0000000
      48.700000    -0.97027402    -0.38237285      1.4436002     -9.1446172      1.0000000
      48.800000    -0.63438958     -1.2213572      4.6110792     -5.9789810      1.0000000
      48.900000   -0.048058179     -1.5781690      5.9581771    -0.45293767      1.0000000
      49.000000     0.55724583     -1.3119447      4.9530809      5.2519182      1.0000000
      49.100000     0.94255801    -0.52778539      1.9925868      8.8833999      1.0000000
      49.200000     0.95576320     0.46473526     -1.7545490      9.0078559      1.0000000
      49.300000     0.59164820      1.2737858     -4.8090167      5.5761529      1.0000000
      49.400000  -0.0060401451      1.5799658     -5.9649607   -0.056927026      1.0000000
      49.500000    -0.60134394      1.2624004     -4.7660326     -5.6675331      1.0000000
      49.600000    -0.95924666     0.44645923     -1.6855502     -9.0406867      1.0000000
      49.700000    -0.93845398    -0.54573696      2.0603607     -8.8447203      1.0000000
      49.800000    -0.54717452     -1.3224848      4.9928738     -5.1569983      1.0000000
      49.900000    0.060120784     -1.5771366      5.9542793     0.56662504      1.0000000
      50.000000     0.64368135     -1.2091598      4.5650296      6.0665538      1.0000000
      50.100000     0.97312670    -0.36382587      1.3735784      9.1715031      1.0000000
      50.200000     0.91839703     0.62514079     -2.3601398      8.6556881      1.0000000
      50.300000     0.50109875      1.3673118     -5.1621121      4.7227444      1.0000000
      50.400000    -0.11402539      1.5696897     -5.9261643     -1.0746640      1.0000000
      50.500000    -0.68413412      1.1523790     -4.3506606     -6.4478121      1.0000000
      50.600000    -0.98415751     0.28012725     -1.0575849     -9.2754660      1.0000000
      50.700000    -0.89565110    -0.70271426      2.6530086     -8.4413127      1.0000000
      50.800000    -0.45355580     -1.4081353      5.3162362     -4.2746627      1.0000000
      50.900000     0.16759615     -1.5576468      5.8806980      1.5795565      1.0000000
      51.000000     0.72258379     -1.0922240      4.1235532      6.8101918      1.0000000
      51.100000     0.99230679    -0.19560845     0.73849488      9.3522711      1.0000000
      51.200000     0.87028277     0.77823023     -2.9381095      8.2022218      1.0000000
      51.300000     0.40468488      1.4448359     -5.4547948      3.8140651      1.0000000
      51.400000    -0.22067619      1.5410433     -5.8180134     -2.0798241      1.0000000
      51.500000    -0.75891780      1.0288711     -3.8843724     -7.1526317      1.0000000
      51.600000    -0.99755066     0.11051691    -0.41724259     -9.4016935      1.0000000
      51.700000    -0.84236631    -0.85146760      3.2146080     -7.9391155      1.0000000
      51.800000    -0.35462907     -1.4773062      5.5773821     -3.3423003      1.0000000
      51.900000     0.27311011     -1.5199277      5.7382941      2.5740022      1.0000000
      52.000000     0.79302975    -0.96250575      3.6338184      7.4741293      1.0000000
      52.100000     0.99987379   -0.025101795    0.094768645      9.4235885      1.0000000
      52.200000     0.81198348     0.92221195     -3.4816942      7.6527640      1.0000000
      52.300000     0.30353494      1.5054510     -5.6836393      2.8607494      1.0000000
      52.400000    -0.32474439      1.4943618     -5.6417736     -3.0606438      1.0000000
      52.500000    -0.82481977     0.89332225     -3.3726249     -7.7737432      1.0000000
      52.600000    -0.99926936   -0.060386818     0.22798277     -9.4178919      1.0000000
      52.700000    -0.77922322    -0.99025612      3.7385864     -7.3440058      1.0000000
      52.800000    -0.25155208     -1.5291880      5.7732553     -2.3708225      1.0000000
      52.900000     0.37542784     -1.4644206      5.5287344      3.5383240      1.0000000
      53.000000     0.85419479    -0.82152317      3.1015566      8.0505962      1.0000000
      53.100000     0.99573915     0.14569862    -0.55006668      9.3846204      1.0000000
      53.200000     0.74418146      1.0554009     -3.9845323      7.0137450      1.0000000
      53.300000     0.19883269      1.5484476     -5.8459676      1.8739540      1.0000000
      53.400000    -0.42501207      1.4301917     -5.3995074     -4.0056444      1.0000000
      53.500000    -0.88106879     0.74731874     -2.8214071     -8.3038777      1.0000000
      53.600000    -0.98929350    -0.23058384     0.87054003     -9.3238716      1.0000000
      53.700000    -0.70696079     -1.1174556      4.2188118     -6.6629484      1.0000000
      53.800000    -0.14553114     -1.5631735      5.9015634     -1.3715987      1.0000000
      53.900000     0.47335189     -1.3917753      5.2544712      4.4612365      1.0000000
      54.000000     0.90536309    -0.67092622      2.5329969      8.5328461      1.0000000
      54.100000     0.97995127     0.31479392     -1.1884645      9.2358231      1.0000000
      54.200000     0.66767019      1.1762384     -4.4407389      6.2926433      1.0000000
      54.300000    0.091803487      1.5733226     -5.9398799     0.86522748      1.0000000
      54.400000    -0.52030578      1.3492839     -5.0940502     -4.9037665      1.0000000
      54.500000    -0.92700656     0.59256928     -2.2371702     -8.7368310      1.0000000
      54.600000    -0.96773982    -0.39808230      1.5029093     -9.1207329      1.0000000
      54.700000    -0.62642471     -1.2315773      4.6496639     -5.9039138      1.0000000
      54.800000   -0.037807038     -1.5788651      5.9608048    -0.35632294      1.0000000
      54.900000     0.56573625     -1.3028419      4.9187143      5.3319386      1.0000000
      55.000000     0.94593582    -0.51247735      1.9347932      8.9152351      1.0000000
      55.100000     0.95269490     0.48020514     -1.8129536      8.9789379      1.0000000
      55.200000     0.58334510      1.2833102     -4.8449750      5.4978981      1.0000000
      55.300000   -0.016300107      1.5797848     -5.9642770    -0.15362489      1.0000000
      55.400000    -0.60951029      1.2525853     -4.7289768     -5.7444992      1.0000000
      55.500000    -0.96209546     0.43088492     -1.6267514     -9.0675361      1.0000000
      55.600000    -0.93486057    -0.56092197      2.1176898     -8.8108533      1.0000000
      55.700000    -0.53855751     -1.3312857      5.0261005     -5.0757850      1.0000000
      55.800000    0.070359527     -1.5760790      5.9502862     0.66312292      1.0000000
      55.900000     0.65149974     -1.1986612      4.5253932      6.1402404      1.0000000
      56.000000     0.97543816    -0.34803089      1.3139465      9.1932881      1.0000000
      56.100000     0.91428903     0.63999646     -2.4162255      8.6169711      1.0000000
      56.200000     0.49219306      1.3753633     -5.1925099      4.6388103      1.0000000
      56.300000    -0.12421294      1.5677585     -5.9188735     -1.1706794      1.0000000
      56.400000    -0.69158164      1.1412275     -4.3085596     -6.5180034      1.0000000
      56.500000    -0.98592485     0.26415785    -0.99729447     -9.2921228      1.0000000
      56.600000    -0.89104053    -0.71719710      2.7076867     -8.3978592      1.0000000
      56.700000    -0.44438751     -1.4154140      5.3437160     -4.1882536      1.0000000
      56.800000     0.17770267     -1.5548478      5.8701308      1.6748082      1.0000000
      56.900000     0.72963864     -1.0804523      4.0791108      6.8766822      1.0000000
      57.000000     0.99352483    -0.17951138     0.67772246      9.3637509      1.0000000
      57.100000     0.86518314     0.79229784     -2.9912200      8.1541590      1.0000000
      57.200000     0.39528083      1.4513204     -5.4792761      3.7254341      1.0000000
      57.300000    -0.23067209      1.5373846     -5.8042008     -2.1740333      1.0000000
      57.400000    -0.76555932      1.0165138     -3.8377188     -7.2152266      1.0000000
      57.500000    -0.99821585    0.094339319    -0.35616614     -9.4079627      1.0000000
      57.600000    -0.83679255    -0.86507879      3.2659953     -7.8865840      1.0000000
      57.700000    -0.34501680     -1.4829775      5.5987934     -3.2517067      1.0000000
      57.800000     0.28296613     -1.5154201      5.7212765      2.6668929      1.0000000
      57.900000     0.79923851    -0.94959889      3.5850902      7.5326455      1.0000000
      58.000000     0.99998417  -0.0088910368    0.033566982      9.4246287      1.0000000
      58.100000     0.80595190     0.93532686     -3.5312079      7.5959177      1.0000000
      58.200000     0.29374258      1.5102925     -5.7019178      2.7684586      1.0000000
      58.300000    -0.33443166      1.4890186     -5.6216008     -3.1519442      1.0000000
      58.400000    -0.83057758     0.87990367     -3.3219647     -7.8280093      1.0000000
      58.500000    -0.99882461   -0.076583278     0.28913045     -9.4137002      1.0000000
      58.600000    -0.77275149     -1.0028364      3.7860815     -7.2830112      1.0000000
      58.700000    -0.24160831     -1.5331855      5.7883475     -2.2771047      1.0000000
      58.800000     0.38491801     -1.4582573      5.5054655      3.6277668      1.0000000
      58.900000     0.85948479    -0.80763217      3.0491128      8.1004533      1.0000000
      59.000000     0.99474057     0.16183336    -0.61098134      9.3752090      1.0000000
      59.100000     0.73728852      1.0674096     -4.0298697      6.9487806      1.0000000
      59.200000     0.18876663      1.5515895     -5.8578293      1.7790835      1.0000000
      59.300000    -0.43427734      1.4232263     -5.3732106     -4.0929675      1.0000000
      59.400000    -0.88587549     0.73299597     -2.7673333     -8.3491798      1.0000000
      59.500000    -0.98774401    -0.24660961     0.93104332     -9.3092680      1.0000000
      59.600000    -0.69966683     -1.1288576      4.2618588     -6.5942045      1.0000000
      59.700000    -0.13537225     -1.5654505      5.9101599     -1.2758534      1.0000000
      59.800000     0.48236515     -1.3840283      5.2252234      4.5461844      1.0000000
      59.900000     0.90967242    -0.65621363      2.4774513      8.5734606      1.0000000
      60.000000     0.97785542     0.33066381     -1.2483793      9.2160702      1.0000000
      60.100000     0.65999657      1.1870004     -4.4813695      6.2203211      1.0000000
      60.200000    0.081581516      1.5747280     -5.9451860     0.76888767      1.0000000
      60.300000    -0.52904063      1.3407779     -5.0619371     -4.9860904      1.0000000
      60.400000    -0.93080590     0.57750994     -2.1803155     -8.7726389      1.0000000
      60.500000    -0.96510373    -0.41374985      1.5620601     -9.0958884      1.0000000
      60.600000    -0.61839388     -1.2416677      4.6877591     -5.8282251      1.0000000
      60.700000   -0.027551916     -1.5793949      5.9628050    -0.25967069      1.0000000
      60.800000     0.57416711     -1.2936019      4.8838298      5.4113976      1.0000000
      60.900000     0.94921405    -0.49711535      1.8767960      8.9461317      1.0000000
      61.000000     0.94952630     0.49562446     -1.8711673      8.9490746      1.0000000
      61.100000     0.57498060      1.2926996     -4.8804233      5.4190644      1.0000000
      61.200000   -0.026558353      1.5794373     -5.9629654    -0.25030658      1.0000000
      61.300000    -0.61761248      1.2426383     -4.6914231     -5.8208605      1.0000000
      61.400000    -0.96484298     0.41526524     -1.5677812     -9.0934308      1.0000000
      61.500000    -0.93116873    -0.57604792      2.1747959     -8.7760586      1.0000000
      61.600000    -0.52988381     -1.3399465      5.0587980     -4.9940372      1.0000000
      61.700000    0.080590862     -1.5748554      5.9456667     0.75955098      1.0000000
      61.800000     0.65924953     -1.1880363      4.4852803      6.2132805      1.0000000
      61.900000     0.97764692    -0.33219927      1.2541762      9.2141052      1.0000000
      62.000000     0.91008478     0.65478475     -2.4720568      8.5773469      1.0000000
      62.100000     0.48323556      1.3832701     -5.2223609      4.5543879      1.0000000
      62.200000    -0.13438741      1.5656623     -5.9109596     -1.2665715      1.0000000
      62.300000    -0.69895635      1.1299558     -4.2660049     -6.5875084      1.0000000
      62.400000    -0.98758839     0.24816064    -0.93689904     -9.3078013      1.0000000
      62.500000    -0.88633616    -0.73160443      2.7620798     -8.3535215      1.0000000
      62.600000    -0.43517244     -1.4225437      5.3706332     -4.1014036      1.0000000
      62.700000     0.18779048     -1.5518852      5.8589456      1.7698835      1.0000000
      62.800000     0.73661668     -1.0685670      4.0342390      6.9424487      1.0000000
      62.900000     0.99463828    -0.16339542     0.61687870      9.3742449      1.0000000
      63.000000     0.85999242     0.80628203     -3.0440156      8.1052376      1.0000000
      63.100000     0.38583516      1.4576521     -5.5031806      3.6364108      1.0000000
      63.200000    -0.24064371      1.5335642     -5.7897771     -2.2680135      1.0000000
      63.300000    -0.77212025      1.0040494     -3.7906612     -7.2770619      1.0000000
      63.400000    -0.99877594    0.078151794    -0.29505219     -9.4132415      1.0000000
      63.500000    -0.83113069    -0.87859890      3.3170387     -7.8332222      1.0000000
      63.600000    -0.33536820     -1.4884926      5.6196152     -3.1607708      1.0000000
      63.700000     0.29279236     -1.5107531      5.7036566      2.7595029      1.0000000
      63.800000     0.80536312    -0.93659206      3.5359846      7.5903686      1.0000000
      63.900000     0.99998927   0.0073206579   -0.027638215      9.4246768      1.0000000
      64.000000     0.79983548     0.94834330     -3.5803499      7.5382718      1.0000000
      64.100000     0.28391930      1.5149750     -5.7195960      2.6758763      1.0000000
      64.200000    -0.34408373      1.4835186     -5.6008362     -3.2429128      1.0000000
      64.300000    -0.83624794     0.86639246     -3.2709549     -7.8814512      1.0000000
      64.400000    -0.99827470   -0.092771675     0.35024769     -9.4085174      1.0000000
      64.500000    -0.76619840     -1.0153110      3.8331780     -7.2212498      1.0000000
      64.600000    -0.23163910     -1.5370216      5.8028303     -2.1831471      1.0000000
      64.700000     0.39436765     -1.4519404      5.4816170      3.7168276      1.0000000
      64.800000     0.86468430    -0.79365613      2.9963481      8.1494575      1.0000000
      64.900000     0.99363727     0.17795106    -0.67183168      9.3648106      1.0000000
      65.000000     0.73031796      1.0793060     -4.0747829      6.8830846      1.0000000
      65.100000     0.17868069      1.5545680     -5.8690743      1.6840258      1.0000000
      65.200000    -0.44349690      1.4161112     -5.3463481     -4.1798598      1.0000000
      65.300000    -0.89058893     0.71859603     -2.7129682     -8.3936029      1.0000000
      65.400000    -0.98609054    -0.26260943     0.99144859     -9.2936844      1.0000000
      65.500000    -0.69229921     -1.1401408      4.3044572     -6.5247663      1.0000000
      65.600000    -0.12519911     -1.5675627      5.9181341     -1.1799738      1.0000000
      65.700000     0.49132762     -1.3761356      5.1954254      4.6306537      1.0000000
      65.800000     0.91388598    -0.64143195      2.4216450      8.6131724      1.0000000
      65.900000     0.97565661     0.34649889     -1.3081626      9.1953470      1.0000000
      66.000000     0.65225346      1.1976374     -4.5215283      6.1473440      1.0000000
      66.100000    0.071350956      1.5759677     -5.9498661     0.67246691      1.0000000
      66.200000    -0.53771977      1.3321308     -5.0292910     -5.0678895      1.0000000
      66.300000    -0.93450724     0.56238980     -2.1232314     -8.8075233      1.0000000
      66.400000    -0.96236604    -0.42937383      1.6210464     -9.0700863      1.0000000
      66.500000    -0.61029796     -1.2516275      4.7253607     -5.7519227      1.0000000
      66.600000   -0.017293894     -1.5797584      5.9641774    -0.16299111      1.0000000
      66.700000     0.58253752     -1.2842257      4.8484312      5.4902868      1.0000000
      66.800000     0.95239235    -0.48170101      1.8186011      8.9760864      1.0000000
      66.900000     0.94625774     0.51099160     -1.9291840      8.9182691      1.0000000
      67.000000     0.56655555      1.3019528     -4.9153577      5.3396603      1.0000000
      67.100000   -0.036813803      1.5789237     -5.9610260    -0.34696192      1.0000000
      67.200000    -0.62564965      1.2325604     -4.6533756     -5.8966090      1.0000000
      67.300000    -0.96748892     0.39960184     -1.5086461     -9.1183682      1.0000000
      67.400000    -0.92737887    -0.59111322      2.2316730     -8.7403399      1.0000000
      67.500000    -0.52115432     -1.3484661      5.0909629     -4.9117637      1.0000000
      67.600000    0.090813712     -1.5734660      5.9404212     0.85589907      1.0000000
      67.700000     0.66692992     -1.1772863      4.4446952      6.2856665      1.0000000
      67.800000     0.97975276    -0.31633267      1.1942739      9.2339522      1.0000000
      67.900000     0.90578470     0.66950411     -2.5276279      8.5368197      1.0000000
      68.000000     0.47422718      1.3910313     -5.2516621      4.4694859      1.0000000
      68.100000    -0.14454773      1.5634013     -5.9024233     -1.3623302      1.0000000
      68.200000    -0.70625748      1.1185652     -4.2230012     -6.6563199      1.0000000
      68.300000    -0.98914796     0.23213731    -0.87640496     -9.3224999      1.0000000
      68.400000    -0.88153847    -0.74593475      2.8161820     -8.3083044      1.0000000
      68.500000    -0.42591155     -1.4295236      5.3969849     -4.0141218      1.0000000
      68.600000     0.19785851     -1.5487591      5.8471436      1.8647726      1.0000000
      68.700000     0.74351717     -1.0565691      3.9889425      7.0074842      1.0000000
      68.800000     0.99564701    -0.14726226     0.55596999      9.3837520      1.0000000
      68.900000     0.85471116     0.82018134     -3.0964906      8.0554629      1.0000000
      69.000000     0.37634888      1.4638303     -5.5265058      3.5470046      1.0000000
      69.100000    -0.25058999      1.5295823     -5.7747439     -2.3617550      1.0000000
      69.200000    -0.77859989     0.99147933     -3.7432045     -7.3381311      1.0000000
      69.300000    -0.99923088    0.061956040    -0.23390717     -9.4175292      1.0000000
      69.400000    -0.82538133    -0.89202651      3.3677330     -7.7790358      1.0000000
      69.500000    -0.32568429     -1.4938511      5.6398454     -3.0695021      1.0000000
      69.600000     0.30258776     -1.5059269      5.6854362      2.8518224      1.0000000
      69.700000     0.81140294    -0.92348663      3.4865067      7.6472926      1.0000000
      69.800000     0.99988909    0.023531582   -0.088840503      9.4237326      1.0000000
      69.900000     0.79363484     0.96125990     -3.6291148      7.4798322      1.0000000
      70.000000     0.27406612      1.5194980     -5.7366721      2.5830123      1.0000000
      70.100000    -0.35369957      1.4778624     -5.5794819     -3.3335399      1.0000000
      70.200000    -0.84183027     0.85279003     -3.2196006     -7.9340633      1.0000000
      70.300000    -0.99761969    -0.10895031     0.41132806     -9.4023441      1.0000000
      70.400000    -0.75956465     -1.0276788      3.8798709     -7.1587282      1.0000000
      70.500000    -0.22164551     -1.5406959      5.8167022     -2.0889597      1.0000000
      70.600000     0.40377578     -1.4454707      5.4571914      3.8054971      1.0000000
      70.700000     0.86979278    -0.77959654      2.9432679      8.1976038      1.0000000
      70.800000     0.99242935     0.19405003    -0.73261128      9.3534263      1.0000000
      70.900000     0.72327052      1.0910887     -4.1192671      6.8166640      1.0000000
      71.000000     0.16857593      1.5573828     -5.8797014      1.5887907      1.0000000
      71.100000    -0.45266976      1.4088469     -5.3189227     -4.2663120      1.0000000
      71.200000    -0.89520860     0.70412044     -2.6583174     -8.4371423      1.0000000
      71.300000    -0.98433325    -0.27858159      1.0517495     -9.2771223      1.0000000
      71.400000    -0.68485870     -1.1513040      4.3466023     -6.4546412      1.0000000
      71.500000    -0.11501278     -1.5695098      5.9254854     -1.0839699      1.0000000
      71.600000     0.50023837     -1.3680980      5.1650805      4.7146355      1.0000000
      71.700000     0.91800332    -0.62658273      2.3655836      8.6519775      1.0000000
      71.800000     0.97335510     0.36229749     -1.3678082      9.1736557      1.0000000
      71.900000     0.64444168      1.2081484     -4.5612111      6.0737197      1.0000000
      72.000000    0.061112884      1.5770414     -5.9539199     0.57597536      1.0000000
      72.100000    -0.54634231      1.3233435     -4.9961154     -5.1491550      1.0000000
      72.200000    -0.93811021     0.54721044     -2.0659236     -8.8414804      1.0000000
      72.300000    -0.95952704    -0.44495261      1.6798621     -9.0433293      1.0000000
      72.400000    -0.60213778     -1.2614554      4.7624649     -5.6750148      1.0000000
      72.500000  -0.0070340510     -1.5799556      5.9649219   -0.066294368      1.0000000
      72.600000     0.59084661     -1.2747143      4.8125221      5.5685981      1.0000000
      72.700000     0.95547037    -0.46623596      1.7602147      9.0050961      1.0000000
      72.800000     0.94288956     0.52630494     -1.9869976      8.8865247      1.0000000
      72.900000     0.55807086      1.3110690     -4.9497747      5.2596940      1.0000000
      73.000000   -0.047065377      1.5782437     -5.9584591    -0.44358073      1.0000000
      73.100000    -0.63362095      1.2223528     -4.6148381     -5.9717368      1.0000000
      73.200000    -0.97003300     0.38389638     -1.4493521     -9.1423456      1.0000000
      73.300000    -0.92349137    -0.60611629      2.2883152     -8.7037011      1.0000000
      73.400000    -0.51236996     -1.3568438      5.1225919     -4.8289731      1.0000000
      73.500000     0.10102700     -1.5719109      5.9345503     0.95215705      1.0000000
      73.600000     0.67454010     -1.1664124      4.4036422      6.3573907      1.0000000
      73.700000     0.98175544    -0.30043278      1.1342459      9.2528271      1.0000000
      73.800000     0.90138927     0.68415298     -2.5829328      8.4953937      1.0000000
      73.900000     0.46516888      1.3986460     -5.2804105      4.3841134      1.0000000
      74.000000    -0.15469283      1.5609757     -5.8932656     -1.4579455      1.0000000
      74.100000    -0.71348425      1.1070569     -4.1795528     -6.7244306      1.0000000
      74.200000    -0.99060338     0.21608953    -0.81581862     -9.3362169      1.0000000
      74.300000    -0.87664798    -0.76018653      2.8699878     -8.2622125      1.0000000
      74.400000    -0.41660582     -1.4363530      5.4227685     -3.9264173      1.0000000
      74.500000     0.20790572     -1.5454700      5.8347260      1.9594653      1.0000000
      74.600000     0.75033938     -1.0444599      3.9432260      7.0717820      1.0000000
      74.700000     0.99655092    -0.13111359     0.49500274      9.3922711      1.0000000
      74.800000     0.84933992     0.83399430     -3.1486397      8.0048402      1.0000000
      74.900000     0.36682297      1.4698544     -5.5492491      3.4572250      1.0000000
      75.000000    -0.26050989      1.5254393     -5.7591027     -2.4552478      1.0000000
      75.100000    -0.78499756     0.97880488     -3.6953537     -7.3984277      1.0000000
      75.200000    -0.99958062    0.045753764    -0.17273753     -9.4208254      1.0000000
      75.300000    -0.81954507    -0.90536021      3.4180727     -7.7240303      1.0000000
      75.400000    -0.31596609     -1.4990523      5.6594819     -2.9779103      1.0000000
      75.500000     0.31235130     -1.5009423      5.6666172      2.9438416      1.0000000
      75.600000     0.81735734    -0.91028397      3.4366617      7.7034115      1.0000000
      75.700000     0.99968364    0.039740028    -0.15003344      9.4217963      1.0000000
      75.800000     0.78735065     0.97407529     -3.6774977      7.4206051      1.0000000
      75.900000     0.26418409      1.5238610     -5.7531441      2.4898764      1.0000000
      76.000000    -0.36327817      1.4720506     -5.5575403     -3.4238161      1.0000000
      76.100000    -0.84732396     0.83909782     -3.1679074     -7.9858402      1.0000000
      76.200000    -0.99685966    -0.12511747     0.47236512     -9.3951809      1.0000000
      76.300000    -0.75285094     -1.0399384      3.9261554     -7.0954529      1.0000000
      76.400000    -0.21162858     -1.5442080      5.8299616     -1.9945524      1.0000000
      76.500000     0.41314139     -1.4388488      5.4321913      3.8937659      1.0000000
      76.600000     0.87480968    -0.76545487      2.8898778      8.2448870      1.0000000
      76.700000     0.99111695     0.21012857    -0.79331376      9.3410572      1.0000000
      76.800000     0.71614693      1.1027566     -4.1633176      6.7495258      1.0000000
      76.900000     0.15845343      1.5600337     -5.8897095      1.4933884      1.0000000
      77.000000    -0.46179497      1.4014343     -5.2909373     -4.3523151      1.0000000
      77.100000    -0.89973403     0.68957071     -2.6033868     -8.4797934      1.0000000
      77.200000    -0.98247233    -0.29452443      1.1119396     -9.2595835      1.0000000
      77.300000    -0.67734610     -1.1623460      4.3882899     -6.3838366      1.0000000
      77.400000    -0.10481435     -1.5712917      5.9322127    -0.98785197      1.0000000
      77.500000     0.50909645     -1.3599164      5.1341919      4.7981210      1.0000000
      77.600000     0.92202402    -0.61166755      2.3092733      8.6898717      1.0000000
      77.700000     0.97095110     0.37805795     -1.4273098      9.1509986      1.0000000
      77.800000     0.63656205      1.2185322     -4.6004136      5.9994560      1.0000000
      77.900000    0.050868378      1.5779491     -5.9573469     0.47942317      1.0000000
      78.000000    -0.55490733      1.3144168     -4.9624139     -5.2298784      1.0000000
      78.100000    -0.94161440     0.53197348     -2.0083984     -8.8745067      1.0000000
      78.200000    -0.95658701    -0.46048454      1.7385010     -9.0156202      1.0000000
      78.300000    -0.59391420     -1.2711506      4.7990677     -5.5975095      1.0000000
      78.400000   0.0032265326     -1.5799864      5.9650384    0.030409353      1.0000000
      78.500000     0.59909348     -1.2650687      4.7761064      5.6463231      1.0000000
      78.600000     0.95844781    -0.45072183      1.7016431      9.0331578      1.0000000
      78.700000     0.93942210     0.54156287     -2.0446019      8.8538447      1.0000000
      78.800000     0.54952742      1.3200471     -4.9836705      5.1791739      1.0000000
      78.900000   -0.057311996      1.5773977     -5.9552648    -0.54015284      1.0000000
      79.000000    -0.64152554      1.2120166     -4.5758148     -6.0462358      1.0000000
      79.100000    -0.97247495     0.36815050     -1.3899055     -9.1653605      1.0000000
      79.200000    -0.91950664    -0.62105555      2.3447165     -8.6661460      1.0000000
      79.300000    -0.50353166     -1.3650787      5.1536815     -4.7456741      1.0000000
      79.400000     0.11122965     -1.5701904      5.9280546      1.0483148      1.0000000
      79.500000     0.68207926     -1.1554157      4.3621256      6.4284456      1.0000000
      79.600000     0.98365477    -0.28450125      1.0740984      9.2707278      1.0000000
      79.700000     0.89689894     0.69872983     -2.6379658      8.4530734      1.0000000
      79.800000     0.45606160      1.4061134     -5.3086029      4.2982793      1.0000000
      79.900000    -0.16482164      1.5583857     -5.8834875     -1.5534074      1.0000000
      80.000000    -0.72063591      1.0954319     -4.1356644     -6.7918334      1.0000000
      80.100000    -0.99195452     0.20001901    -0.75514639     -9.3489511      1.0000000
      80.200000    -0.87166519    -0.77435827      2.9234915     -8.2152508      1.0000000
      80.300000    -0.40725623     -1.4430312      5.4479811     -3.8382995      1.0000000
      80.400000     0.21793104     -1.5420182      5.8216941      2.0539517      1.0000000
      80.500000     0.75708259     -1.0322408      3.8970943      7.1353353      1.0000000
      80.600000     0.99734991    -0.11495112     0.43398339      9.3998014      1.0000000
      80.700000     0.84387927     0.84771946     -3.2004573      7.9533747      1.0000000
      80.800000     0.35725844      1.4757238     -5.5714081      3.3670815      1.0000000
      80.900000    -0.27040236      1.5211358     -5.7428552     -2.5484822      1.0000000
      81.000000    -0.79131259     0.96602738     -3.6471139     -7.4579455      1.0000000
      81.100000    -0.99982513    0.029546671    -0.11154971     -9.4231299      1.0000000
      81.200000    -0.81362253    -0.91859859      3.4680525     -7.6682117      1.0000000
      81.300000    -0.30621463     -1.5040957      5.6785225     -2.8860049      1.0000000
      81.400000     0.32208196     -1.4957996      5.6472016      3.0355510      1.0000000
      81.500000     0.82322569    -0.89698548      3.3864549      7.7587193      1.0000000
      81.600000     0.99937294    0.055944291    -0.21121058      9.4188681      1.0000000
      81.700000     0.78098357     0.98678814     -3.7254935      7.3605968      1.0000000
      81.800000     0.25427425      1.5280636     -5.7690105      2.3964783      1.0000000
      81.900000    -0.37281853      1.4660838     -5.5350135     -3.5137318      1.0000000
      82.000000    -0.85272845     0.82531728     -3.1158807     -8.0367763      1.0000000
      82.100000    -0.99599467    -0.14127145     0.53335245     -9.3870286      1.0000000
      82.200000    -0.74605796     -1.0520884      3.9720265     -7.0314306      1.0000000
      82.300000    -0.20158937     -1.5475576      5.8426074     -1.8999350      1.0000000
      82.400000     0.42246351     -1.4320755      5.4066193      3.9816248      1.0000000
      82.500000     0.87973449    -0.75123261      2.8361834      8.2913022      1.0000000
      82.600000     0.98970020     0.22618498    -0.85393272      9.3277047      1.0000000
      82.700000     0.70894794      1.1143083     -4.2069298      6.6816769      1.0000000
      82.800000     0.14831425      1.5625204     -5.8990975      1.3978289      1.0000000
      82.900000    -0.47087156      1.3938741     -5.2623949     -4.4378599      1.0000000
      83.000000    -0.90416473     0.67494839     -2.5481821     -8.5215518      1.0000000
      83.100000    -0.98050797    -0.31043626      1.1720127     -9.2410699      1.0000000
      83.200000    -0.66976218     -1.1732656      4.4295154     -6.3123599      1.0000000
      83.300000   -0.094604882     -1.5729082      5.9383156    -0.89163001      1.0000000
      83.400000     0.51790093     -1.3515916      5.1027626      4.8811013      1.0000000
      83.500000     0.92594765    -0.59668798      2.2527198      8.7268510      1.0000000
      83.600000     0.96844489     0.39377861     -1.4866612      9.1273780      1.0000000
      83.700000     0.62861541      1.2287876     -4.6391319      5.9245607      1.0000000
      83.800000    0.040618517      1.5786907     -5.9601467     0.38282050      1.0000000
      83.900000    -0.56341392      1.3053517     -4.9281899     -5.3100511      1.0000000
      84.000000    -0.94501946     0.51668051     -1.9506617     -8.9065986      1.0000000
      84.100000    -0.95354627    -0.47596800      1.7969568     -8.9869619      1.0000000
      84.200000    -0.58562810     -1.2807119      4.8351652     -5.5194148      1.0000000
      84.300000    0.013486776     -1.5798510      5.9645270     0.12710987      1.0000000
      84.400000     0.60727729     -1.2552899      4.7391878      5.7234536      1.0000000
      84.500000     0.96132434    -0.43516024      1.6428923      9.0602684      1.0000000
      84.600000     0.93585575     0.55676379     -2.1019911      8.8202326      1.0000000
      84.700000     0.54092612      1.3288863     -5.0170417      5.0981086      1.0000000
      84.800000   -0.067552581      1.5763855     -5.9514436    -0.63666808      1.0000000
      84.900000    -0.64936259      1.2015527     -4.5363097     -6.1200983      1.0000000
      85.000000    -0.97481453     0.35236586     -1.3303126     -9.1874105      1.0000000
      85.100000    -0.91542511    -0.63592942      2.4008709     -8.6276784      1.0000000
      85.200000    -0.49464035     -1.3731698      5.1842286     -4.6618755      1.0000000
      85.300000     0.12142060     -1.5683045      5.9209348      1.1443622      1.0000000
      85.400000     0.68954661     -1.1442974      4.3201497      6.4988237      1.0000000
      85.500000     0.98545054    -0.26853977      1.0138379      9.2876525      1.0000000
      85.600000     0.89231418     0.71323311     -2.6927211      8.4098631      1.0000000
      85.700000     0.44690631      1.4134328     -5.3362364      4.2119927      1.0000000
      85.800000    -0.17493310      1.5556317     -5.8730900     -1.6487057      1.0000000
      85.900000    -0.72771170      1.0836917     -4.0913406     -6.8585212      1.0000000
      86.000000    -0.99320123     0.18392742    -0.69439466     -9.3607010      1.0000000
      86.100000    -0.86659063    -0.78844850      2.9766873     -8.1674243      1.0000000
      86.200000    -0.39786376     -1.4495574      5.4726202     -3.7497776      1.0000000
      86.300000     0.22793342     -1.5384040      5.8080493      2.1482219      1.0000000
      86.400000     0.76374610     -1.0199131      3.8505524      7.1981374      1.0000000
      86.500000     0.99804390   -0.098776550     0.37291834      9.4063421      1.0000000
      86.600000     0.83832976     0.86135537     -3.2519380      7.9010719      1.0000000
      86.700000     0.34765630      1.4814378     -5.5929806      3.2765835      1.0000000
      86.800000    -0.28026636      1.5166721     -5.7260030     -2.6414482      1.0000000
      86.900000    -0.79754431     0.95314817     -3.5984901     -7.5166780      1.0000000
      87.000000    -0.99996438    0.013336467   -0.050350141     -9.4244422      1.0000000
      87.100000    -0.80761433    -0.93174027      3.5176672     -7.6115858      1.0000000
      87.200000    -0.29643093     -1.5089807      5.6969652     -2.7937957      1.0000000
      87.300000     0.33177871     -1.4904994      5.6271915      3.1269407      1.0000000
      87.400000     0.82900737    -0.88359255      3.3358916      7.8132104      1.0000000
      87.500000     0.99895704    0.072142664    -0.27236548      9.4149482      1.0000000
      87.600000     0.77453427     0.99939710     -3.7730970      7.2998135      1.0000000
      87.700000     0.24433763      1.5321054     -5.7842695      2.3028280      1.0000000
      87.800000    -0.38231963      1.4599627     -5.5119040     -3.6032777      1.0000000
      87.900000    -0.85804316     0.81144984     -3.0635260     -8.0868663      1.0000000
      88.000000    -0.99502483    -0.15741057     0.59428363     -9.3778881      1.0000000
      88.100000    -0.73918644     -1.0641278      4.0174795     -6.9666680      1.0000000
      88.200000    -0.19152894     -1.5507442      5.8546380     -1.8051177      1.0000000
      88.300000     0.43174116     -1.4251513      5.3804780      4.0690645      1.0000000
      88.400000     0.88456667    -0.73693126      2.7821905      8.3368445      1.0000000
      88.500000     0.98817926     0.24221758    -0.91446177      9.3133701      1.0000000
      88.600000     0.70167432      1.1257428     -4.2500990      6.6131246      1.0000000
      88.700000     0.13815945      1.5648425     -5.9078645      1.3021222      1.0000000
      88.800000    -0.47989857      1.3861672     -5.2332985     -4.5229375      1.0000000
      88.900000    -0.90850024     0.66025501     -2.4927091     -8.5624130      1.0000000
      89.000000    -0.97844039    -0.32631541      1.2319624     -9.2215834      1.0000000
      89.100000    -0.66210775     -1.1840617      4.4702747     -6.2402186      1.0000000
      89.200000   -0.084385454     -1.5743591      5.9437932    -0.79531417      1.0000000
      89.300000     0.52665089     -1.3431245      5.0707962      4.9635677      1.0000000
      89.400000     0.92977379    -0.58164558      2.1959291      8.7629115      1.0000000
      89.500000     0.96583671     0.40945780     -1.5458560      9.1027966      1.0000000
      89.600000     0.62060259      1.2389137     -4.6773617      5.8490416      1.0000000
      89.700000    0.030364379      1.5792661     -5.9623190     0.28617753      1.0000000
      89.800000    -0.57186121      1.2961492     -4.8934471     -5.3896649      1.0000000
      89.900000    -0.94832504     0.50133314     -1.8927197     -8.9377529      1.0000000
      90.000000    -0.95040515    -0.49140134      1.8552234     -8.9573575      1.0000000
      90.100000    -0.57728035     -1.2901384      4.8707537     -5.4407391      1.0000000
      90.200000    0.023745600     -1.5795492      5.9633875     0.22379701      1.0000000
      90.300000     0.61539716     -1.2453790      4.7017703      5.7999816      1.0000000
      90.400000     0.96409966    -0.41955284      1.5839685      9.0864252      1.0000000
      90.500000     0.93219087     0.57190609     -2.1591589      8.7856920      1.0000000
      90.600000     0.53226787      1.3375856     -5.0498846      5.0165065      1.0000000
      90.700000   -0.077786055      1.5752074     -5.9469958    -0.73311629      1.0000000
      90.800000    -0.65713128      1.1909623     -4.4963271     -6.1933164      1.0000000
      90.900000    -0.97705147     0.33654412     -1.2705796     -9.2084932      1.0000000
      91.000000    -0.91124721    -0.65073635      2.4567726     -8.5883026      1.0000000
      91.100000    -0.48569696     -1.3811164      5.2142298     -4.5775860      1.0000000
      91.200000     0.13159876     -1.5662536      5.9131917      1.2402891      1.0000000
      91.300000     0.69694137     -1.1330586      4.2777190      6.5685177      1.0000000
      91.400000     0.98714256    -0.25255002     0.95347057      9.3035994      1.0000000
      91.500000     0.88763549     0.72766130     -2.7471930      8.3657674      1.0000000
      91.600000     0.43770397      1.4206035     -5.3633082      4.1252627      1.0000000
      91.700000    -0.18502615      1.5527138     -5.8620742     -1.7438304      1.0000000
      91.800000    -0.73471087      1.0718374     -4.0465861     -6.9244868      1.0000000
      91.900000    -0.99434337     0.16781648    -0.63356982     -9.3714654      1.0000000
      92.000000    -0.86142484    -0.80245571      3.0295698     -8.1187378      1.0000000
      92.100000    -0.38842941     -1.4559311      5.4966832     -3.6608610      1.0000000
      92.200000     0.23791180     -1.5346279      5.7937930      2.2422659      1.0000000
      92.300000     0.77032920     -1.0074779      3.8036051      7.2601816      1.0000000
      92.400000     0.99863282   -0.082591579     0.31181403      9.4118925      1.0000000
      92.500000     0.83269200     0.87490060     -3.3030763      7.8479372      1.0000000
      92.600000     0.33801756      1.4869959     -5.6139643      3.1857405      1.0000000
      92.700000    -0.29010086      1.5120487     -5.7085481     -2.7341362      1.0000000
      92.800000    -0.80369206     0.94016863     -3.5494874     -7.5746192      1.0000000
      92.900000    -0.99999834  -0.0028751406    0.010854729     -9.4247624      1.0000000
      93.000000    -0.80152111    -0.94478385      3.5669116     -7.5541585      1.0000000
      93.100000    -0.28661603     -1.5137068      5.7148082     -2.7012924      1.0000000
      93.200000     0.34144053     -1.4850423      5.6065890      3.2180012      1.0000000
      93.300000     0.83470177    -0.87010660      3.2849771      7.8668788      1.0000000
      93.400000     0.99843596    0.088333442    -0.33349171      9.4100372      1.0000000
      93.500000     0.76800343      1.0119008     -3.8203033      7.2382618      1.0000000
      93.600000     0.23437530      1.5359858     -5.7989196      2.2089351      1.0000000
      93.700000    -0.39178049      1.4536879     -5.4882142     -3.6924441      1.0000000
      93.800000    -0.86326754     0.79749697     -3.0108487     -8.1361049      1.0000000
      93.900000    -0.99395023    -0.17353311     0.65515225     -9.3677602      1.0000000
      94.000000    -0.73223709     -1.0760551      4.0625094     -6.9011720      1.0000000
      94.100000    -0.18144834     -1.5537675      5.8660522     -1.7101103      1.0000000
      94.200000     0.44097335     -1.4180771      5.3537704      4.1560759      1.0000000
      94.300000     0.88930573    -0.72255233      2.7279047      8.3815091      1.0000000
      94.400000     0.98655429     0.25822469    -0.97489455      9.2980551      1.0000000
      94.500000     0.69432682      1.1370587     -4.2928209      6.5438761      1.0000000
      94.600000     0.12799011      1.5669999     -5.9160094      1.2062784      1.0000000
      94.700000    -0.48887507      1.3783144     -5.2036511     -4.6075390      1.0000000
      94.800000    -0.91274011     0.64549212     -2.4369736     -8.6023728      1.0000000
      94.900000    -0.97626979    -0.34216020      1.2917824     -9.2011260      1.0000000
      95.000000    -0.65438362     -1.1947331      4.5105633     -6.1674203      1.0000000
      95.100000   -0.074157142     -1.5756443      5.9486451    -0.69891460      1.0000000
      95.200000     0.53534540     -1.3345160      5.0382959      5.0455115      1.0000000
      95.300000     0.93350205    -0.56654195      2.1389073      8.7980495      1.0000000
      95.400000     0.96312686     0.42509390     -1.6048881      9.0772568      1.0000000
      95.500000     0.61252443      1.2489094     -4.7150991      5.7729067      1.0000000
      95.600000    0.020107045      1.5796752     -5.9638635     0.18950443      1.0000000
      95.700000    -0.58024828      1.2868103     -4.8581891     -5.4687112      1.0000000
      95.800000    -0.95153077     0.48593300     -1.8345784     -8.9679662      1.0000000
      95.900000    -0.94716396    -0.50678295      1.9132948     -8.9268101      1.0000000
      96.000000    -0.56887182     -1.2994290      4.9058294     -5.3614905      1.0000000
      96.100000    0.034001925     -1.5790811      5.9616203     0.32046059      1.0000000
      96.200000     0.62345224     -1.2353369      4.6638578      5.8758990      1.0000000
      96.300000     0.96677348    -0.40390127      1.5248780      9.1116254      1.0000000
      96.400000     0.92842785     0.58698818     -2.2160995      8.7502263      1.0000000
      96.500000     0.52355359      1.3461440     -5.0821959      4.9343763      1.0000000
      96.600000   -0.088011339      1.5738635     -5.9419219    -0.82948733      1.0000000
      96.700000    -0.66483078      1.1802465     -4.4558711     -6.2658825      1.0000000
      96.800000    -0.97918556     0.32068695     -1.2107129     -9.2286064      1.0000000
      96.900000    -0.90697336    -0.66547476      2.5124156     -8.5480226      1.0000000
      97.000000    -0.47670244     -1.3889176      5.2436821     -4.4928147      1.0000000
      97.100000     0.14176306     -1.5640377      5.9048260      1.3360854      1.0000000
      97.200000     0.70426275     -1.1217005      4.2348379      6.6375201      1.0000000
      97.300000     0.98873065    -0.23653368     0.89300292      9.3185669      1.0000000
      97.400000     0.88286334     0.74201288     -2.8013755      8.3207909      1.0000000
      97.500000     0.42845555      1.4276245     -5.3898153      4.0380984      1.0000000
      97.600000    -0.19509972      1.5496326     -5.8504412     -1.8387715      1.0000000
      97.700000    -0.74163270      1.0598702     -4.0014055     -6.9897235      1.0000000
      97.800000    -0.99538082     0.15168786    -0.57267828     -9.3812432      1.0000000
      97.900000    -0.85616835    -0.81637845      3.0821333     -8.0691966      1.0000000
      98.000000    -0.37895416     -1.4621515      5.5201674     -3.5715589      1.0000000
      98.100000     0.24786513     -1.5306902      5.7789268      2.3360738      1.0000000
      98.200000     0.77683120    -0.99493670      3.7562573      7.3214615      1.0000000
      98.300000     0.99911660   -0.066397912     0.25067690      9.4164521      1.0000000
      98.400000     0.82696657     0.88835372     -3.3538668      7.7939763      1.0000000
      98.500000     0.32834324      1.4923974     -5.6343570      3.0945621      1.0000000
      98.600000    -0.29990482      1.5072661     -5.6904921     -2.8265363      1.0000000
      98.700000    -0.80975519     0.92709009     -3.5001111     -7.6317629      1.0000000
      98.800000    -0.99992703   -0.019086446    0.072058456     -9.4240903      1.0000000
      98.900000    -0.79534350    -0.95772796      3.6157805     -7.4959359      1.0000000
      99.000000    -0.27677094     -1.5182736      5.7320495     -2.6085047      1.0000000
      99.100000     0.35106641     -1.4794289      5.5853962      3.3087229      1.0000000
      99.200000     0.84030829    -0.85652904      3.2337168      7.9197191      1.0000000
      99.300000     0.99780976     0.10451492    -0.39458283      9.4041355      1.0000000
      99.400000     0.76139173      1.0242980     -3.8671074      7.1759480      1.0000000
      99.500000     0.22438829      1.5397045     -5.8129591      2.1148098      1.0000000
      99.600000    -0.40120010      1.4472600     -5.4639466     -3.7812219      1.0000000
      99.700000    -0.86840103     0.78346014     -2.9578544     -8.1844869      1.0000000
      99.800000    -0.99277098    -0.18963738     0.71595189     -9.3566461      1.0000000
      99.900000    -0.72521066     -1.0878691      4.1071117     -6.8349494      1.0000000
      100.00000    -0.17134864     -1.5566273      5.8768488     -1.6149229      1.0000000
      100.10000     0.45015911     -1.4108536      5.3264990      4.2426497      1.0000000
